,coordinates,elevation
0,"(43.6614957, -72.5489197)",409.06536865234375
1,"(43.66156945, -72.54904845)",408.4445495605469
2,"(43.6616432, -72.5491772)",406.29351806640625
3,"(43.66171695, -72.54930595)",403.2616271972656
4,"(43.6617907, -72.5494347)",400.1110534667969
5,"(43.661775174999995, -72.54959562500001)",398.3505554199219
6,"(43.66175964999999, -72.54975655000001)",396.0927734375
7,"(43.661744125, -72.549917475)",393.7253112792969
8,"(43.6617286, -72.5500784)",391.4131164550781
9,"(43.661682025, -72.55021250000001)",389.9986572265625
10,"(43.66163545, -72.55034660000001)",388.23638916015625
11,"(43.661588875, -72.55048070000001)",386.4537048339844
12,"(43.6615423, -72.5506148)",384.5767517089844
13,"(43.6614802, -72.550711375)",383.7238464355469
14,"(43.6614181, -72.55080795)",382.9394226074219
15,"(43.661356, -72.55090452499999)",382.3758850097656
16,"(43.6612939, -72.5510011)",381.9281921386719
17,"(43.661266749999996, -72.55108692499999)",381.3668212890625
18,"(43.6612396, -72.55117275)",380.8702392578125
19,"(43.66121245, -72.551258575)",380.45745849609375
20,"(43.6611853, -72.5513444)",380.2098693847656
21,"(43.6611853, -72.55145705000001)",379.68170166015625
22,"(43.6611853, -72.5515697)",379.22479248046875
23,"(43.6611853, -72.55168235)",378.6956787109375
24,"(43.6611853, -72.551795)",377.9789123535156
25,"(43.66121245, -72.551913025)",376.44708251953125
26,"(43.6612396, -72.55203105)",374.58203125
27,"(43.661266749999996, -72.55214907499999)",372.6849670410156
28,"(43.6612939, -72.5522671)",370.86126708984375
29,"(43.661321075000004, -72.5523851)",369.1197509765625
30,"(43.66134825, -72.5525031)",367.459228515625
31,"(43.661375425, -72.5526211)",365.93035888671875
32,"(43.6614026, -72.5527391)",364.5610656738281
33,"(43.661472450000005, -72.55286785)",362.7391052246094
34,"(43.6615423, -72.5529966)",361.0183410644531
35,"(43.661637400000004, -72.55303685)",359.55865478515625
36,"(43.6617325, -72.5530771)",357.74285888671875
37,"(43.6618101, -72.553059675)",356.5489501953125
38,"(43.6618877, -72.55304225)",355.36431884765625
39,"(43.661965300000006, -72.553024825)",354.07305908203125
40,"(43.6620429, -72.5530074)",352.39501953125
41,"(43.662131200000005, -72.55294570000001)",350.3721618652344
42,"(43.662219500000006, -72.552884)",348.01922607421875
43,"(43.66230780000001, -72.5528223)",345.3669738769531
44,"(43.6623961, -72.5527606)",342.65997314453125
45,"(43.66246595, -72.552696225)",340.70556640625
46,"(43.6625358, -72.55263185)",339.1869201660156
47,"(43.66260565, -72.55256747499999)",337.6913757324219
48,"(43.6626755, -72.5525031)",336.1448974609375
49,"(43.662745349999994, -72.5524119)",334.4682312011719
50,"(43.6628152, -72.5523207)",332.680419921875
51,"(43.66288505, -72.5522295)",331.1717834472656
52,"(43.6629549, -72.5521383)",330.0739440917969
53,"(43.663024750000005, -72.5521222)",328.7837829589844
54,"(43.6630946, -72.5521061)",327.5966796875
55,"(43.66316445, -72.55208999999999)",326.5212707519531
56,"(43.6632343, -72.5520739)",325.5065002441406
57,"(43.6633546, -72.55204172500001)",323.8872985839844
58,"(43.6634749, -72.55200955000001)",322.1072082519531
59,"(43.6635952, -72.551977375)",320.0474853515625
60,"(43.6637155, -72.5519452)",317.9217834472656
61,"(43.66382205, -72.55188135)",316.1351623535156
62,"(43.6639286, -72.5518175)",314.1108093261719
63,"(43.663991749999994, -72.5517797)",312.81854248046875
64,"(43.6640549, -72.5517419)",311.4963684082031
65,"(43.66411805, -72.5517041)",310.21527099609375
66,"(43.6641812, -72.5516663)",309.1019592285156
67,"(43.664235525, -72.5516099625)",308.35052490234375
68,"(43.66428985, -72.551553625)",307.84295654296875
69,"(43.664344175000004, -72.5514972875)",307.6637878417969
70,"(43.664398500000004, -72.55144095)",307.69256591796875
71,"(43.664452825000005, -72.5513846125)",308.0729675292969
72,"(43.664507150000006, -72.551328275)",308.4685974121094
73,"(43.664561475, -72.5512719375)",308.7032775878906
74,"(43.6646158, -72.5512156)",308.6803283691406
75,"(43.6646740125, -72.55116732500001)",308.3362121582031
76,"(43.664732224999995, -72.55111905000001)",307.7676086425781
77,"(43.664790437499995, -72.551070775)",307.1192626953125
78,"(43.664848649999996, -72.5510225)",306.4983215332031
79,"(43.6649068625, -72.550974225)",305.7690734863281
80,"(43.664965075, -72.55092594999999)",304.94500732421875
81,"(43.6650232875, -72.550877675)",304.0338134765625
82,"(43.6650815, -72.5508294)",302.9931335449219
83,"(43.665166875, -72.55073285)",301.43511962890625
84,"(43.665252249999995, -72.55063630000001)",299.8387145996094
85,"(43.66533762499999, -72.55053975000001)",298.23736572265625
86,"(43.665423, -72.5504432)",296.6370849609375
87,"(43.66549284999999, -72.550341275)",295.3546447753906
88,"(43.665562699999995, -72.55023935)",294.01055908203125
89,"(43.66563255, -72.550137425)",292.62982177734375
90,"(43.6657024, -72.5500355)",291.17449951171875
91,"(43.6657412, -72.54993357500001)",290.0159606933594
92,"(43.66578, -72.54983165)",288.6549377441406
93,"(43.6658188, -72.54972972499999)",286.95953369140625
94,"(43.6658576, -72.5496278)",284.44537353515625
95,"(43.6658576, -72.5494454)",281.1999816894531
96,"(43.6658576, -72.549263)",278.2367858886719
97,"(43.6658459625, -72.549161075)",276.9548645019531
98,"(43.665834325000006, -72.54905915)",275.7396240234375
99,"(43.665822687500004, -72.54895722500001)",274.61083984375
100,"(43.66581105, -72.5488553)",273.5766296386719
101,"(43.6657994125, -72.54875337499999)",272.62420654296875
102,"(43.665787775, -72.54865145)",271.7054443359375
103,"(43.6657761375, -72.548549525)",270.77838134765625
104,"(43.6657645, -72.5484476)",269.83563232421875
105,"(43.6657450875, -72.548343)",268.9122314453125
106,"(43.665725675000004, -72.5482384)",267.88787841796875
107,"(43.6657062625, -72.5481338)",266.7383728027344
108,"(43.66568685, -72.5480292)",265.4437255859375
109,"(43.6656674375, -72.5479246)",264.1073913574219
110,"(43.665648024999996, -72.54782)",262.8731689453125
111,"(43.6656286125, -72.5477154)",261.503662109375
112,"(43.6656092, -72.5476108)",259.84466552734375
113,"(43.66555875, -72.547476675)",257.8802490234375
114,"(43.6655083, -72.54734255)",256.1413879394531
115,"(43.665457849999996, -72.54720842500001)",255.15228271484375
116,"(43.6654074, -72.5470743)",253.94923400878906
117,"(43.665372475, -72.54696702500001)",252.53045654296875
118,"(43.665337550000004, -72.54685975000001)",251.11016845703125
119,"(43.665302625, -72.546752475)",249.79693603515625
120,"(43.6652677, -72.5466452)",248.56739807128906
121,"(43.66524055, -72.5465379)",247.2163848876953
122,"(43.6652134, -72.54643060000001)",246.07708740234375
123,"(43.66518625, -72.54632330000001)",245.11231994628906
124,"(43.6651591, -72.546216)",244.1994171142578
125,"(43.665155225, -72.546055075)",242.1078643798828
126,"(43.66515135, -72.54589415000001)",240.3153533935547
127,"(43.665147475, -72.545733225)",238.69590759277344
128,"(43.6651436, -72.5455723)",237.26043701171875
129,"(43.665159125, -72.545454275)",235.83287048339844
130,"(43.66517465, -72.54533624999999)",234.36019897460938
131,"(43.665190175, -72.54521822499999)",232.92770385742188
132,"(43.6652057, -72.5451002)",231.70704650878906
0,"(43.6617286, -72.5500784)",391.4131164550781
1,"(43.66174605, -72.5501897)",389.1170654296875
2,"(43.6617635, -72.550301)",386.666259765625
3,"(43.66178095, -72.5504123)",384.2901611328125
4,"(43.6617984, -72.5505236)",382.24652099609375
5,"(43.6618311, -72.55067185)",379.4162902832031
6,"(43.6618638, -72.5508201)",374.76007080078125
7,"(43.6618955, -72.5509635)",369.5343933105469
8,"(43.66193235, -72.55112445)",365.59271240234375
9,"(43.6619692, -72.5512854)",363.388427734375
10,"(43.662046325000006, -72.551288075)",361.9205322265625
11,"(43.66212345, -72.55129074999999)",360.3998718261719
12,"(43.662200575, -72.551293425)",358.8719787597656
13,"(43.662277700000004, -72.5512961)",357.2991943359375
14,"(43.662354825, -72.551298775)",355.6097106933594
15,"(43.66243195, -72.55130145000001)",353.8754577636719
16,"(43.662509075, -72.551304125)",351.9013977050781
17,"(43.6625862, -72.5513068)",349.6448974609375
18,"(43.662714300000005, -72.55131755)",345.9569396972656
19,"(43.6628424, -72.5513283)",343.01531982421875
20,"(43.6629103, -72.55134439999999)",341.1702575683594
21,"(43.6629782, -72.55136049999999)",338.9002380371094
22,"(43.6630461, -72.5513766)",336.6770935058594
23,"(43.663114, -72.5513927)",334.6579284667969
24,"(43.663183849999996, -72.55141415)",332.7823181152344
25,"(43.6632537, -72.55143559999999)",330.87945556640625
26,"(43.66332355, -72.55145705)",329.2149353027344
27,"(43.6633934, -72.5514785)",327.7891845703125
28,"(43.663459375, -72.55149995)",326.57476806640625
29,"(43.66352535, -72.5515214)",325.3102722167969
30,"(43.663591325, -72.55154285)",323.9678039550781
31,"(43.6636573, -72.5515643)",322.50189208984375
32,"(43.663731049999996, -72.5516394)",320.1869812011719
33,"(43.6638048, -72.5517145)",317.9134521484375
34,"(43.6638667, -72.551766)",316.0243835449219
35,"(43.6639286, -72.5518175)",314.1108093261719
0,"(43.6619692, -72.5512854)",363.388427734375
1,"(43.66200995, -72.55143559999999)",361.47857666015625
2,"(43.6620507, -72.5515858)",359.214111328125
3,"(43.66212055, -72.55172525)",355.5492248535156
4,"(43.6621904, -72.5518647)",351.5273132324219
5,"(43.66223695, -72.5519559)",349.0852355957031
6,"(43.6622835, -72.5520471)",346.9747009277344
7,"(43.662339775, -72.55210075)",344.8210144042969
8,"(43.66239605, -72.5521544)",342.769775390625
9,"(43.662452325000004, -72.55220805)",340.8887939453125
10,"(43.6625086, -72.5522617)",339.5303955078125
11,"(43.66259205, -72.5523824)",337.6943054199219
12,"(43.6626755, -72.5525031)",336.1448974609375
0,"(43.6617907, -72.5494347)",400.1110534667969
1,"(43.6618461, -72.54948945000001)",398.1796875
2,"(43.6619015, -72.5495442)",396.18023681640625
3,"(43.661964600000005, -72.54960665)",393.76043701171875
4,"(43.6620277, -72.5496691)",391.333251953125
5,"(43.6621139, -72.54975440000001)",388.1696472167969
6,"(43.6622001, -72.5498397)",385.0827941894531
7,"(43.662250549999996, -72.549904075)",383.0641784667969
8,"(43.662301, -72.54996845)",381.03289794921875
9,"(43.66235145, -72.55003282499999)",378.9405517578125
10,"(43.6624019, -72.5500972)",376.315185546875
11,"(43.662495025, -72.550115975)",372.8304138183594
12,"(43.662588150000005, -72.55013475)",369.02972412109375
13,"(43.662681275000004, -72.550153525)",365.7166442871094
14,"(43.6627744, -72.5501723)",363.3720703125
15,"(43.662873375000004, -72.550153525)",361.65234375
16,"(43.662972350000004, -72.55013475)",359.9693603515625
17,"(43.663071325000004, -72.550115975)",357.7865905761719
18,"(43.6631703, -72.5500972)",355.16943359375
19,"(43.66328285, -72.5500972)",351.45660400390625
20,"(43.6633954, -72.5500972)",347.7838134765625
21,"(43.66346525, -72.55011865)",346.013427734375
22,"(43.6635351, -72.5501401)",344.4176330566406
23,"(43.6636515, -72.5502044)",341.6842041015625
24,"(43.663701950000004, -72.55029024999999)",339.6817932128906
25,"(43.6637524, -72.5503761)",337.3123474121094
26,"(43.663841649999995, -72.5504673)",333.2854309082031
27,"(43.6639309, -72.5505585)",328.55853271484375
28,"(43.663996850000004, -72.55061215)",325.982177734375
29,"(43.6640628, -72.5506658)",323.3976745605469
30,"(43.6641831, -72.55071945)",319.42645263671875
31,"(43.6643034, -72.5507731)",316.56146240234375
32,"(43.664408175000005, -72.5507436)",315.6898193359375
33,"(43.66451295, -72.5507141)",313.8195495605469
34,"(43.664617725, -72.5506846)",311.5163879394531
35,"(43.6647225, -72.5506551)",309.5666809082031
36,"(43.66479625, -72.55056925)",308.506103515625
37,"(43.66487, -72.5504834)",307.407958984375
38,"(43.664959249999995, -72.5503654)",306.0303955078125
39,"(43.6650485, -72.5502474)",304.3938293457031
0,"(43.6620277, -72.5496691)",391.333251953125
1,"(43.662059150000005, -72.549768075)",389.2236633300781
2,"(43.6620906, -72.54986705)",387.0846252441406
3,"(43.66212205, -72.549966025)",384.9535217285156
4,"(43.6621535, -72.550065)",382.80230712890625
5,"(43.662196050000006, -72.55020275000001)",379.916015625
6,"(43.6622386, -72.5503405)",376.3350524902344
7,"(43.66231795, -72.55044735)",370.5916748046875
8,"(43.6623973, -72.5505542)",365.3523864746094
9,"(43.66251215, -72.55064755)",362.0038146972656
10,"(43.662627, -72.5507409)",358.7535705566406
11,"(43.66272595, -72.55075699999999)",356.687744140625
12,"(43.662824900000004, -72.55077309999999)",354.3169250488281
13,"(43.66292385, -72.5507892)",350.867919921875
14,"(43.6630228, -72.5508053)",347.37396240234375
15,"(43.663114, -72.55081332500001)",345.2455749511719
16,"(43.6632052, -72.55082135)",343.466064453125
17,"(43.6632964, -72.550829375)",341.5436706542969
18,"(43.6633876, -72.5508374)",339.31829833984375
19,"(43.6635079, -72.5508374)",336.2716064453125
20,"(43.6636282, -72.5508374)",332.72137451171875
21,"(43.6637524, -72.55086425)",328.4088439941406
22,"(43.6638766, -72.5508911)",324.4151916503906
23,"(43.663993000000005, -72.55087499999999)",321.4134216308594
24,"(43.6641094, -72.5508589)",318.5091552734375
25,"(43.6642064, -72.550816)",317.10638427734375
26,"(43.6643034, -72.5507731)",316.56146240234375
0,"(43.6619015, -72.5495442)",396.18023681640625
1,"(43.662014475, -72.54952352500001)",393.7225341796875
2,"(43.66212745, -72.54950285000001)",391.1254577636719
3,"(43.662240425, -72.54948217500001)",388.58172607421875
4,"(43.6623534, -72.5494615)",386.1560974121094
5,"(43.662475650000005, -72.54948295)",382.8162536621094
6,"(43.6625979, -72.5495044)",379.04022216796875
7,"(43.66272015, -72.54952585000001)",374.48748779296875
8,"(43.6628424, -72.5495473)",369.5578918457031
9,"(43.6629433, -72.54957145)",365.7197265625
10,"(43.6630442, -72.5495956)",362.7818603515625
11,"(43.6631451, -72.54961975)",359.7961120605469
12,"(43.663246, -72.5496439)",356.55328369140625
13,"(43.663329425, -72.549654625)",353.6912841796875
14,"(43.66341285, -72.54966535)",350.5966491699219
15,"(43.663496275, -72.54967607500001)",347.6075439453125
16,"(43.6635797, -72.5496868)",345.2529602050781
17,"(43.6636612, -72.549759225)",343.0091247558594
18,"(43.6637427, -72.54983165)",340.8562316894531
19,"(43.6638242, -72.549904075)",338.6982727050781
20,"(43.6639057, -72.5499765)",336.7066650390625
21,"(43.663977475, -72.55004087500001)",334.6678771972656
22,"(43.664049250000005, -72.55010525)",331.93182373046875
23,"(43.664121025, -72.550169625)",329.0384216308594
24,"(43.6641928, -72.550234)",326.5981140136719
25,"(43.66424325, -72.55029834999999)",324.7543029785156
26,"(43.6642937, -72.5503627)",322.9787292480469
27,"(43.664344150000005, -72.55042705)",320.917724609375
28,"(43.6643946, -72.5504914)",318.8664855957031
29,"(43.6644761, -72.55052895)",316.43701171875
30,"(43.6645576, -72.5505665)",313.6980285644531
31,"(43.66464005, -72.5506108)",311.28369140625
32,"(43.6647225, -72.5506551)",309.5666809082031
0,"(43.6617014, -72.5486997)",404.8876647949219
1,"(43.661794549999996, -72.5486729)",403.47607421875
2,"(43.6618877, -72.5486461)",401.6171569824219
3,"(43.66201385, -72.54863535)",398.7283630371094
4,"(43.66214, -72.5486246)",395.3870544433594
5,"(43.66226415, -72.54864605)",391.7696838378906
6,"(43.6623883, -72.5486675)",388.2202453613281
7,"(43.662475625, -72.54871982499999)",385.7210998535156
8,"(43.66256295, -72.54877214999999)",383.30987548828125
9,"(43.662650275000004, -72.548824475)",380.7283630371094
10,"(43.6627376, -72.5488768)",378.1249084472656
11,"(43.66280355, -72.54893580000001)",375.97857666015625
12,"(43.6628695, -72.5489948)",373.61285400390625
13,"(43.6629898, -72.5490752)",368.671630859375
14,"(43.66309845, -72.549153)",363.8424377441406
15,"(43.6632071, -72.5492308)",359.28582763671875
16,"(43.6632964, -72.54925225)",355.9678649902344
17,"(43.6633857, -72.5492737)",352.74139404296875
18,"(43.663475925, -72.54931124999999)",349.4627990722656
19,"(43.66356615, -72.54934879999999)",346.5494384765625
20,"(43.663656375, -72.54938634999999)",344.0050354003906
21,"(43.6637466, -72.5494239)",341.2337951660156
22,"(43.6638475, -72.54946949999999)",338.115234375
23,"(43.6639484, -72.5495151)",335.1050720214844
24,"(43.66401825, -72.5495607)",333.5503845214844
25,"(43.6640881, -72.5496063)",332.14227294921875
26,"(43.66415405, -72.549668)",330.5979309082031
27,"(43.66422, -72.5497297)",328.73785400390625
28,"(43.66429375, -72.5498075)",325.8003234863281
29,"(43.6643675, -72.5498853)",323.0737609863281
30,"(43.66443345, -72.5499604)",320.8434143066406
31,"(43.6644994, -72.5500355)",318.5176086425781
32,"(43.66455565, -72.55011060000001)",316.39837646484375
33,"(43.6646119, -72.5501857)",314.1405029296875
34,"(43.6647206, -72.5502393)",310.666748046875
35,"(43.6648254, -72.5502447)",308.5077209472656
36,"(43.66493695, -72.55024605)",306.504638671875
37,"(43.6650485, -72.5502474)",304.3938293457031
38,"(43.665093125, -72.550150825)",303.3494873046875
39,"(43.66513775, -72.55005425)",302.25335693359375
40,"(43.665182375, -72.549957675)",301.1646423339844
41,"(43.665227, -72.5498611)",300.05059814453125
42,"(43.665259975, -72.54974577499999)",299.1088562011719
43,"(43.66529295, -72.54963045)",297.9436340332031
44,"(43.665325925000005, -72.549515125)",296.650146484375
45,"(43.6653589, -72.5493998)",295.2367858886719
46,"(43.665378325, -72.54928445)",293.7032165527344
47,"(43.66539775, -72.5491691)",291.3996887207031
48,"(43.665417175, -72.54905375)",288.003173828125
49,"(43.6654366, -72.5489384)",283.7436828613281
50,"(43.6654230125, -72.5488431875)",281.5514831542969
51,"(43.665409425, -72.548747975)",279.95404052734375
52,"(43.6653958375, -72.5486527625)",278.3926696777344
53,"(43.66538225, -72.54855755)",276.50054931640625
54,"(43.6653686625, -72.5484623375)",274.7280578613281
55,"(43.665355075, -72.548367125)",273.4483337402344
56,"(43.6653414875, -72.5482719125)",272.4657897949219
57,"(43.6653279, -72.5481767)",271.4652099609375
58,"(43.6653114125, -72.5480694125)",270.1730041503906
59,"(43.665294925, -72.547962125)",268.8782958984375
60,"(43.6652784375, -72.5478548375)",267.6929016113281
61,"(43.66526195, -72.54774755)",266.5038757324219
62,"(43.6652454625, -72.5476402625)",265.2366943359375
63,"(43.665228975000005, -72.547532975)",263.9869079589844
64,"(43.6652124875, -72.5474256875)",262.74114990234375
65,"(43.665196, -72.5473184)",261.4819030761719
66,"(43.665182400000006, -72.54717355)",259.5467224121094
67,"(43.665168800000004, -72.5470287)",257.3216552734375
68,"(43.6651552, -72.54688385)",255.01361083984375
69,"(43.6651416, -72.546739)",252.93023681640625
70,"(43.665145975, -72.54660825)",250.7483367919922
71,"(43.66515035, -72.54647750000001)",248.5970916748047
72,"(43.665154724999994, -72.54634675)",246.3882598876953
73,"(43.6651591, -72.546216)",244.1994171142578
0,"(43.6623883, -72.5486675)",388.2202453613281
1,"(43.6624543, -72.54862994999999)",385.88848876953125
2,"(43.6625203, -72.5485924)",383.64453125
3,"(43.6626134, -72.548571)",380.57598876953125
4,"(43.6626949, -72.54856294999999)",378.0286560058594
5,"(43.6627764, -72.5485549)",375.3791809082031
6,"(43.662859850000004, -72.54854415)",372.2343444824219
7,"(43.6629433, -72.5485334)",368.3017272949219
8,"(43.66301315, -72.54857095)",365.40325927734375
9,"(43.663083, -72.5486085)",363.2236633300781
10,"(43.663154750000004, -72.5487024)",361.341796875
11,"(43.6632265, -72.5487963)",359.111572265625
12,"(43.6632731, -72.5488687)",357.6625061035156
13,"(43.6633197, -72.5489411)",356.21038818359375
14,"(43.66334105, -72.54903765)",355.2941589355469
15,"(43.6633624, -72.5491342)",354.1168518066406
16,"(43.6633857, -72.5492737)",352.74139404296875
0,"(43.6627764, -72.5485549)",375.3791809082031
1,"(43.6628967, -72.5484798)",369.2176208496094
2,"(43.6629549, -72.54842615)",365.2434387207031
3,"(43.6630131, -72.5483725)",361.87701416015625
4,"(43.6630616, -72.54822765)",357.3477783203125
5,"(43.6631101, -72.5480828)",353.10711669921875
6,"(43.663168299999995, -72.5479326)",348.36492919921875
7,"(43.6632265, -72.5477824)",343.8358154296875
8,"(43.6632964, -72.54763220000001)",339.1764221191406
9,"(43.6633663, -72.547482)",332.5101318359375
10,"(43.663391575000006, -72.5473587)",326.7276916503906
11,"(43.663416850000004, -72.5472354)",320.672607421875
12,"(43.663442125, -72.54711209999999)",314.3503112792969
13,"(43.6634674, -72.5469888)",308.60675048828125
0,"(43.6632265, -72.5487963)",359.111572265625
1,"(43.6633352, -72.5487212)",354.69561767578125
2,"(43.6633895, -72.5486675)",352.32379150390625
3,"(43.6634788, -72.5485603)",348.5096130371094
4,"(43.6635875, -72.5484583)",344.20013427734375
5,"(43.6636883, -72.5483725)",340.0730285644531
6,"(43.663766, -72.5482652)",335.74188232421875
7,"(43.66383195, -72.5481874)",331.0418701171875
8,"(43.6638979, -72.5481096)",325.0036315917969
9,"(43.66394835, -72.54803185)",319.14727783203125
10,"(43.6639988, -72.5479541)",314.33453369140625
11,"(43.664041499999996, -72.54788165)",310.34112548828125
12,"(43.6640842, -72.5478092)",306.08221435546875
13,"(43.6641424, -72.5476805)",300.75762939453125
14,"(43.6641773, -72.5475786)",297.66192626953125
15,"(43.6642006, -72.5474391)",294.22125244140625
16,"(43.6642122, -72.547305)",291.2730407714844
17,"(43.6642278, -72.5471923)",288.68756103515625
18,"(43.6642394, -72.5470368)",285.1943664550781
19,"(43.6642394, -72.5468919)",281.86724853515625
0,"(43.6615093, -72.5486863)",406.9956359863281
1,"(43.66162185, -72.54858974999999)",405.0038757324219
2,"(43.6617344, -72.5484932)",402.8724060058594
3,"(43.6618392, -72.548402)",400.1229248046875
4,"(43.661944, -72.5483108)",396.8509216308594
5,"(43.662011899999996, -72.54823569999999)",393.36474609375
6,"(43.6620798, -72.54816059999999)",389.6280212402344
7,"(43.662147700000006, -72.54808549999998)",386.74462890625
8,"(43.6622156, -72.5480104)",383.58135986328125
9,"(43.662275750000006, -72.54794335)",380.0389709472656
10,"(43.6623359, -72.5478763)",375.71514892578125
11,"(43.66239605, -72.54780925)",371.1708679199219
12,"(43.6624562, -72.5477422)",367.18560791015625
13,"(43.662533825, -72.547656375)",362.5626525878906
14,"(43.66261145, -72.54757055)",358.4659729003906
15,"(43.662689075, -72.547484725)",354.6962890625
16,"(43.6627667, -72.5473989)",350.08770751953125
17,"(43.66282685, -72.547347925)",346.72467041015625
18,"(43.662887, -72.54729695)",344.0704040527344
19,"(43.662947149999994, -72.54724597500001)",341.35400390625
20,"(43.6630073, -72.547195)",338.3726501464844
21,"(43.663073275, -72.5471655)",335.0626525878906
22,"(43.66313925, -72.547136)",331.20892333984375
23,"(43.663205225, -72.5471065)",327.2205505371094
24,"(43.6632712, -72.547077)",323.1529541015625
25,"(43.6633693, -72.5470329)",315.62738037109375
26,"(43.6634674, -72.5469888)",308.60675048828125
27,"(43.6635816, -72.5469375)",302.8694152832031
28,"(43.663676675, -72.5469241)",299.37091064453125
29,"(43.663771749999995, -72.5469107)",296.0413513183594
30,"(43.663866825, -72.5468973)",293.10076904296875
31,"(43.6639619, -72.5468839)",290.6794128417969
32,"(43.664031275, -72.5468859)",289.16131591796875
33,"(43.664100649999995, -72.5468879)",287.19677734375
34,"(43.664170025, -72.5468899)",284.5682373046875
35,"(43.6642394, -72.5468919)",281.86724853515625
36,"(43.664318, -72.54682890000001)",278.1214599609375
37,"(43.6643966, -72.5467659)",274.842041015625
38,"(43.66446255, -72.54668004999999)",271.37103271484375
39,"(43.6645285, -72.5465942)",267.78045654296875
40,"(43.66459445, -72.54650835000001)",263.9547119140625
41,"(43.6646604, -72.5464225)",259.52618408203125
42,"(43.664707, -72.5462723)",255.29795837402344
43,"(43.6647536, -72.5461221)",252.96983337402344
44,"(43.664778825, -72.546020175)",251.52734375
45,"(43.66480405, -72.54591825)",249.87901306152344
46,"(43.664829275, -72.545816325)",247.89366149902344
47,"(43.6648545, -72.5457144)",245.68272399902344
48,"(43.6648933, -72.5455642)",242.72030639648438
49,"(43.6649321, -72.545414)",240.28506469726562
50,"(43.6649903, -72.5452477)",237.3422088623047
51,"(43.6650485, -72.5450814)",234.11915588378906
0,"(43.6639484, -72.5495151)",335.1050720214844
1,"(43.66404055, -72.54948160000001)",333.1942443847656
2,"(43.6641327, -72.5494481)",331.3793640136719
3,"(43.6642181, -72.5493622)",329.2244567871094
4,"(43.6642957, -72.5492871)",326.2737731933594
5,"(43.6643888, -72.5491798)",322.0909729003906
6,"(43.664466399999995, -72.549153)",319.3539733886719
7,"(43.664544, -72.5491262)",316.8667907714844
8,"(43.664621600000004, -72.5491423)",314.83758544921875
9,"(43.6646992, -72.5491584)",312.7179870605469
10,"(43.6648157, -72.5492013)",309.2465515136719
11,"(43.66488165, -72.5492335)",307.1619567871094
12,"(43.6649476, -72.5492657)",305.0931396484375
13,"(43.66501745, -72.5492657)",303.05926513671875
14,"(43.6650873, -72.5492657)",301.177001953125
15,"(43.6651882, -72.5492228)",298.2106628417969
16,"(43.6652891, -72.5491369)",294.5726623535156
17,"(43.66536285, -72.54903765)",289.98968505859375
18,"(43.6654366, -72.5489384)",283.7436828613281
0,"(43.6614317, -72.5483537)",403.2617492675781
1,"(43.661392899999996, -72.5481874)",400.75567626953125
2,"(43.6613541, -72.5480211)",398.2945861816406
3,"(43.661299774999996, -72.547951375)",397.175048828125
4,"(43.661245449999996, -72.54788165)",396.0771484375
5,"(43.661191125, -72.54781192499999)",394.7803955078125
6,"(43.6611368, -72.5477422)",393.5561218261719
7,"(43.661107675, -72.54761345)",392.10382080078125
8,"(43.66107855, -72.5474847)",390.7329406738281
9,"(43.661049425, -72.54735595)",389.2322692871094
10,"(43.6610203, -72.5472272)",387.5956726074219
11,"(43.661028075, -72.5470904)",386.2236022949219
12,"(43.66103585, -72.5469536)",384.7236633300781
13,"(43.661043625, -72.54681679999999)",381.7873840332031
14,"(43.6610514, -72.54668)",377.1578674316406
15,"(43.661117375, -72.546570025)",372.4883728027344
16,"(43.66118335, -72.54646005000001)",368.96234130859375
17,"(43.661249325, -72.546350075)",366.0400085449219
18,"(43.6613153, -72.5462401)",363.16851806640625
19,"(43.6613890375, -72.546207925)",361.8954772949219
20,"(43.661462775, -72.54617575)",360.526123046875
21,"(43.66153651249999, -72.546143575)",359.10369873046875
22,"(43.661610249999995, -72.5461114)",357.76373291015625
23,"(43.6616839875, -72.546079225)",356.3545227050781
24,"(43.661757725, -72.54604705)",354.8273620605469
25,"(43.661831462500004, -72.546014875)",352.9442443847656
26,"(43.6619052, -72.5459827)",350.5960693359375
27,"(43.662013849999994, -72.54595855)",346.66741943359375
28,"(43.662122499999995, -72.5459344)",341.82794189453125
29,"(43.66223115, -72.54591024999999)",336.6869812011719
30,"(43.6623398, -72.5458861)",331.4352111816406
31,"(43.66243875, -72.5458539)",326.41192626953125
32,"(43.6625377, -72.5458217)",321.1334533691406
33,"(43.662636649999996, -72.54578950000001)",315.234375
34,"(43.6627356, -72.5457573)",309.7421875
35,"(43.6628103125, -72.5457506)",306.7232666015625
36,"(43.662885024999994, -72.5457439)",304.4078369140625
37,"(43.662959737499996, -72.5457372)",302.4013366699219
38,"(43.66303445, -72.5457305)",300.3783874511719
39,"(43.6631091625, -72.5457238)",298.05023193359375
40,"(43.663183875, -72.5457171)",295.2535400390625
41,"(43.663258587499996, -72.5457104)",292.5335388183594
42,"(43.6633333, -72.5457037)",289.8536071777344
43,"(43.663408974999996, -72.54565005)",286.3943786621094
44,"(43.66348465, -72.5455964)",283.1691589355469
45,"(43.663560325, -72.54554275)",279.58624267578125
46,"(43.663636, -72.5454891)",275.5223693847656
47,"(43.663719425, -72.545414)",272.06549072265625
48,"(43.663802849999996, -72.54533889999999)",269.1375427246094
49,"(43.663886274999996, -72.54526379999999)",266.0182189941406
50,"(43.6639697, -72.5451887)",262.68133544921875
51,"(43.66407447500001, -72.54509214999999)",257.9151611328125
52,"(43.664179250000004, -72.5449956)",254.15184020996094
53,"(43.664284025, -72.54489905)",250.9602813720703
54,"(43.6643888, -72.5448025)",246.0507354736328
55,"(43.664472225, -72.54477567500001)",243.06304931640625
56,"(43.66455565, -72.54474885)",240.81629943847656
57,"(43.664639075, -72.544722025)",238.60400390625
58,"(43.6647225, -72.5446952)",236.11856079101562
59,"(43.664838950000004, -72.54466835)",232.90513610839844
60,"(43.6649554, -72.5446415)",231.07798767089844
0,"(43.6613541, -72.5480211)",398.2945861816406
1,"(43.6614162, -72.547887)",396.30712890625
2,"(43.6614783, -72.5477529)",393.8260192871094
3,"(43.661520975, -72.547680475)",392.35748291015625
4,"(43.66156365, -72.54760805000001)",390.4599304199219
5,"(43.661606324999994, -72.547535625)",387.97698974609375
6,"(43.661649, -72.5474632)",385.00164794921875
7,"(43.661716925, -72.54738542499999)",381.22216796875
8,"(43.661784850000004, -72.54730765)",377.3742370605469
9,"(43.661852775, -72.547229875)",373.65850830078125
10,"(43.6619207, -72.5471521)",370.3688659667969
11,"(43.662004125, -72.54706895000001)",366.92547607421875
12,"(43.66208755, -72.5469858)",362.84375
13,"(43.662170975, -72.54690264999999)",358.48162841796875
14,"(43.6622544, -72.5468195)",354.03277587890625
15,"(43.6623398, -72.5467444)",349.273193359375
16,"(43.6624252, -72.5466693)",344.76312255859375
17,"(43.66253385, -72.54656735)",338.2911071777344
18,"(43.6626425, -72.5464654)",329.95184326171875
19,"(43.66270265, -72.54639567500001)",324.90673828125
20,"(43.662762799999996, -72.54632595000001)",320.18603515625
21,"(43.66282295, -72.54625622500001)",315.68975830078125
22,"(43.6628831, -72.5461865)",311.521240234375
23,"(43.66299175, -72.54607920000001)",306.0036315917969
24,"(43.6631004, -72.5459719)",301.50909423828125
25,"(43.663158624999994, -72.54590485)",298.8909606933594
26,"(43.66321685, -72.5458378)",296.0469665527344
27,"(43.663275075, -72.54577075)",293.0354309082031
28,"(43.6633333, -72.5457037)",289.8536071777344
0,"(43.6610203, -72.5472272)",387.5956726074219
1,"(43.660995075, -72.54712527499998)",386.5063781738281
2,"(43.66096985, -72.54702334999999)",385.6341552734375
3,"(43.660944625, -72.546921425)",384.503662109375
4,"(43.6609194, -72.5468195)",382.77178955078125
5,"(43.660907775, -72.5467122)",380.1365051269531
6,"(43.66089615, -72.5466049)",376.8216857910156
7,"(43.660884525, -72.54649760000001)",373.05828857421875
8,"(43.6608729, -72.5463903)",369.5009765625
9,"(43.6608923, -72.54620795)",364.7406311035156
10,"(43.6609117, -72.5460256)",360.4043884277344
11,"(43.660952449999996, -72.5459478)",358.4159851074219
12,"(43.6609932, -72.54587)",356.444091796875
13,"(43.661033950000004, -72.5457922)",354.4093322753906
14,"(43.6610747, -72.5457144)",352.1245422363281
15,"(43.6611756, -72.5456447)",349.80780029296875
16,"(43.6612765, -72.545575)",347.7262878417969
17,"(43.661350225, -72.54551864999999)",346.1341857910156
18,"(43.66142395, -72.5454623)",344.1302795410156
19,"(43.661497675, -72.54540595)",341.7538146972656
20,"(43.6615714, -72.5453496)",339.2128601074219
21,"(43.661635425, -72.54530937499999)",337.3258972167969
22,"(43.66169945, -72.54526915)",335.3564453125
23,"(43.661763475, -72.545228925)",333.1835021972656
24,"(43.6618275, -72.5451887)",330.9194030761719
25,"(43.661893475, -72.545140425)",328.2272033691406
26,"(43.66195945, -72.54509214999999)",324.99969482421875
27,"(43.662025424999996, -72.54504387499999)",321.7907409667969
28,"(43.6620914, -72.5449956)",318.2790832519531
29,"(43.662163199999995, -72.54497144999999)",314.9042053222656
30,"(43.662234999999995, -72.54494729999999)",311.3531188964844
31,"(43.662306799999996, -72.54492314999999)",307.9912109375
32,"(43.6623786, -72.544899)",304.9768981933594
33,"(43.66250665, -72.5448561)",301.00335693359375
34,"(43.6626347, -72.5448132)",296.4526672363281
35,"(43.6627356, -72.5448132)",292.99517822265625
36,"(43.6628365, -72.5448132)",288.45880126953125
37,"(43.6629219, -72.5448132)",284.763427734375
38,"(43.6630073, -72.5448132)",281.6917724609375
39,"(43.6631237, -72.5448293)",278.0771484375
40,"(43.6632401, -72.5448454)",274.6278991699219
41,"(43.6633255, -72.54490440000001)",273.4413146972656
42,"(43.6634109, -72.5449634)",272.3741149902344
43,"(43.663500150000004, -72.54501705)",271.2203369140625
44,"(43.6635894, -72.5450707)",270.0790100097656
45,"(43.663684475, -72.5451002)",268.433837890625
46,"(43.66377955, -72.54512969999999)",266.6906433105469
47,"(43.663874625000005, -72.5451592)",264.7948913574219
48,"(43.6639697, -72.5451887)",262.68133544921875
0,"(43.6610514, -72.5486112)",404.9569091796875
1,"(43.660973775, -72.5485817)",403.400146484375
2,"(43.66089615, -72.54855219999999)",401.441650390625
3,"(43.660818524999996, -72.54852269999999)",398.9891357421875
4,"(43.6607409, -72.5484932)",396.2693176269531
5,"(43.66067495, -72.54845565)",393.6515197753906
6,"(43.660609, -72.5484181)",391.0483093261719
7,"(43.66053135, -72.5483698)",388.96527099609375
8,"(43.6604537, -72.5483215)",387.5672302246094
9,"(43.660381924999996, -72.548281275)",386.31610107421875
10,"(43.66031015, -72.54824105)",385.0887451171875
11,"(43.660238375, -72.54820082500001)",383.7050476074219
12,"(43.6601666, -72.5481606)",382.0992126464844
13,"(43.660094799999996, -72.54813645)",380.61297607421875
14,"(43.660022999999995, -72.5481123)",379.2468566894531
15,"(43.659951199999995, -72.54808815)",377.8248291015625
16,"(43.6598794, -72.548064)",375.48077392578125
17,"(43.6597979, -72.54798890000001)",372.2769775390625
18,"(43.6597164, -72.5479138)",368.6672058105469
19,"(43.659650400000004, -72.54779045000001)",364.912109375
20,"(43.6595844, -72.5476671)",362.2967834472656
21,"(43.659572749999995, -72.54752225)",360.74298095703125
22,"(43.6595611, -72.5473774)",359.2665710449219
23,"(43.6595611, -72.54720035)",357.6026306152344
24,"(43.6595611, -72.5470233)",355.907958984375
25,"(43.6595611, -72.54684095)",354.0323791503906
26,"(43.6595611, -72.5466586)",351.96990966796875
27,"(43.65959995, -72.5465084)",349.63641357421875
28,"(43.6596388, -72.5463582)",346.92669677734375
29,"(43.65967565, -72.54625089999999)",345.2479248046875
30,"(43.6597125, -72.5461436)",344.3122253417969
31,"(43.65974935, -72.5460363)",343.7178649902344
32,"(43.6597862, -72.545929)",343.1055908203125
33,"(43.65983085, -72.54583245)",342.482177734375
34,"(43.6598755, -72.54573590000001)",341.4083557128906
35,"(43.65992015, -72.54563935000002)",340.1553039550781
36,"(43.6599648, -72.5455428)",339.20855712890625
0,"(43.6599648, -72.5455428)",339.20855712890625
1,"(43.660017175, -72.54546500000001)",339.0869445800781
2,"(43.66006955, -72.5453872)",339.3051452636719
3,"(43.660121925, -72.5453094)",339.4688720703125
4,"(43.6601743, -72.5452316)",338.95526123046875
5,"(43.6602752, -72.5451136)",337.4924621582031
6,"(43.6603761, -72.5449956)",334.7381591796875
7,"(43.660451775, -72.5449661)",334.0779724121094
8,"(43.660527450000004, -72.5449366)",333.1016540527344
9,"(43.660603125, -72.5449071)",331.8949279785156
10,"(43.6606788, -72.5448776)",330.070068359375
11,"(43.6607506, -72.54485345)",328.132080078125
12,"(43.6608224, -72.5448293)",326.1996154785156
13,"(43.6608942, -72.54480515)",324.4048767089844
14,"(43.660966, -72.544781)",322.7841796875
15,"(43.6610475, -72.5447542)",320.9753112792969
16,"(43.661129, -72.5447274)",319.1651916503906
17,"(43.66124545, -72.5446791)",316.4114685058594
18,"(43.6613619, -72.5446308)",314.058349609375
19,"(43.66147637500001, -72.544558375)",311.05377197265625
20,"(43.66159085, -72.54448595)",308.1181640625
21,"(43.661705325, -72.544413525)",304.7096862792969
22,"(43.6618198, -72.5443411)",301.4845275878906
23,"(43.661883825000004, -72.54430625)",299.6766662597656
24,"(43.661947850000004, -72.5442714)",297.7608947753906
25,"(43.662011875000005, -72.54423655)",295.7181091308594
26,"(43.6620759, -72.5442017)",293.5399475097656
27,"(43.66214965, -72.5442017)",291.9493408203125
28,"(43.6622234, -72.5442017)",290.2561340332031
29,"(43.662316525, -72.5442017)",287.9548034667969
30,"(43.66240965, -72.5442017)",285.62115478515625
31,"(43.662502775, -72.5442017)",283.3340148925781
32,"(43.6625959, -72.5442017)",280.8647766113281
33,"(43.66268515, -72.54420705000001)",278.4715881347656
34,"(43.6627744, -72.5442124)",275.9934387207031
35,"(43.662879200000006, -72.54422315)",273.423828125
36,"(43.662984, -72.5442339)",271.3695373535156
37,"(43.6630888, -72.5442339)",269.2022705078125
38,"(43.6631936, -72.5442339)",266.96826171875
39,"(43.6633255, -72.5442285)",264.1001281738281
40,"(43.6634574, -72.5442231)",261.1771545410156
41,"(43.663525324999995, -72.54420164999999)",259.431396484375
42,"(43.66359325, -72.5441802)",257.68206787109375
43,"(43.663661175, -72.54415875000001)",255.91758728027344
44,"(43.6637291, -72.5441373)",254.10702514648438
45,"(43.6638009, -72.5441373)",252.51075744628906
46,"(43.6638727, -72.5441373)",250.8218231201172
47,"(43.6639445, -72.5441373)",248.91409301757812
48,"(43.6640163, -72.5441373)",246.525390625
49,"(43.66412105, -72.544148)",243.442138671875
50,"(43.6642258, -72.5441587)",241.0261993408203
51,"(43.66435385, -72.54419089999999)",238.07720947265625
52,"(43.6644819, -72.5442231)",234.4616241455078
53,"(43.66456535, -72.544244575)",232.68948364257812
54,"(43.664648799999995, -72.54426605)",231.5732421875
55,"(43.66473225, -72.544287525)",230.85267639160156
56,"(43.6648157, -72.544309)",230.32369995117188
0,"(43.6599648, -72.5455428)",339.20855712890625
1,"(43.65999195, -72.5454355)",338.38311767578125
2,"(43.6600191, -72.5453282)",337.4410095214844
3,"(43.6600618, -72.5452048)",335.5707702636719
4,"(43.6601045, -72.5450814)",332.9775085449219
5,"(43.660127775, -72.54498484999999)",330.70281982421875
6,"(43.660151049999996, -72.5448883)",328.5080871582031
7,"(43.660174325, -72.54479175)",326.1112060546875
8,"(43.6601976, -72.5446952)",323.899658203125
9,"(43.6601782, -72.5445128)",321.65423583984375
10,"(43.6601588, -72.5443304)",320.4391174316406
0,"(43.6601588, -72.5443304)",320.4391174316406
1,"(43.6601394, -72.54422310000001)",319.8218688964844
2,"(43.66012, -72.5441158)",319.0306701660156
3,"(43.66010445, -72.54400315000001)",317.9798889160156
4,"(43.6600889, -72.5438905)",316.64642333984375
5,"(43.660116099999996, -72.54380470000001)",314.72857666015625
6,"(43.6601433, -72.5437189)",312.7874450683594
7,"(43.6602151, -72.5436411)",310.6390380859375
8,"(43.6602869, -72.5435633)",308.8373718261719
9,"(43.6603587, -72.5434855)",307.1232604980469
10,"(43.6604305, -72.5434077)",305.4606628417969
11,"(43.660494525, -72.543321875)",303.4933166503906
12,"(43.66055855, -72.54323605)",301.1985778808594
13,"(43.660622575, -72.543150225)",298.8082580566406
14,"(43.6606866, -72.5430644)",296.1500549316406
15,"(43.6607505, -72.5429914)",293.67388916015625
16,"(43.660823775, -72.542907725)",290.592041015625
17,"(43.66089705, -72.54282405000001)",287.46417236328125
18,"(43.660970325, -72.542740375)",285.029541015625
19,"(43.6610436, -72.5426567)",282.8525695800781
20,"(43.661128975, -72.542570875)",280.8053283691406
21,"(43.661214349999995, -72.54248505)",279.16748046875
22,"(43.66129972499999, -72.542399225)",277.4045104980469
23,"(43.6613851, -72.5423134)",275.3724365234375
24,"(43.6614569, -72.5423134)",274.0888366699219
25,"(43.6615287, -72.5423134)",272.35113525390625
26,"(43.6616005, -72.5423134)",270.677490234375
27,"(43.6616723, -72.5423134)",269.2658386230469
28,"(43.66173845, -72.54234585)",268.68035888671875
29,"(43.6618046, -72.5423783)",268.2316589355469
30,"(43.661891825, -72.542421075)",267.44012451171875
31,"(43.66197905, -72.54246384999999)",266.33697509765625
32,"(43.662066275, -72.54250662499999)",265.0820007324219
33,"(43.6621535, -72.5425494)",263.7742004394531
34,"(43.6622622, -72.5425548)",261.4342041015625
35,"(43.6623709, -72.5425602)",259.0361633300781
36,"(43.66245625, -72.54257625)",257.6312255859375
37,"(43.6625416, -72.5425923)",256.5643005371094
38,"(43.662661899999996, -72.542611075)",255.1478271484375
39,"(43.662782199999995, -72.54262985)",253.5240478515625
40,"(43.6629025, -72.542648625)",251.68466186523438
41,"(43.6630228, -72.5426674)",249.59779357910156
42,"(43.66315085, -72.54269425)",247.27407836914062
43,"(43.6632789, -72.5427211)",244.8345489501953
44,"(43.66337595, -72.5427372)",242.5703125
45,"(43.663473, -72.5427533)",240.13418579101562
46,"(43.6635661, -72.54273185)",237.20318603515625
47,"(43.6636592, -72.5427104)",234.2222442626953
48,"(43.6637407, -72.54262455)",231.55470275878906
49,"(43.6638222, -72.5425387)",230.0823516845703
50,"(43.66393085, -72.54253335)",228.89248657226562
51,"(43.6640395, -72.542528)",227.79322814941406
52,"(43.664117149999996, -72.542528)",227.18112182617188
53,"(43.6641948, -72.542528)",226.70713806152344
54,"(43.66425685, -72.5425709)",226.59356689453125
55,"(43.6643189, -72.5426138)",226.4697723388672
56,"(43.6644043, -72.54272645)",226.58746337890625
57,"(43.6644897, -72.5428391)",226.57374572753906
58,"(43.66454405, -72.54295175)",226.53573608398438
59,"(43.6645984, -72.5430644)",226.47125244140625
0,"(43.6604072, -72.5443304)",315.6522216796875
1,"(43.66049645, -72.5443465)",315.77294921875
2,"(43.6605857, -72.5443626)",315.8919372558594
3,"(43.66069435, -72.54436795000001)",315.40966796875
4,"(43.660803, -72.5443733)",314.2001037597656
5,"(43.6609039, -72.5443733)",312.5683288574219
6,"(43.660993149999996, -72.5443626)",310.93585205078125
7,"(43.6610824, -72.5443519)",309.4906311035156
8,"(43.66115615, -72.54429825)",307.26953125
9,"(43.6612299, -72.5442446)",304.99188232421875
10,"(43.6613347, -72.54416409999999)",301.807373046875
11,"(43.6614395, -72.5440836)",298.5464782714844
12,"(43.66150935, -72.5440729)",297.4983825683594
13,"(43.6615792, -72.5440622)",296.54449462890625
14,"(43.66167235, -72.5440461)",295.28216552734375
15,"(43.6617655, -72.54403)",293.89923095703125
16,"(43.66187415, -72.54401390000001)",291.9721984863281
17,"(43.6619828, -72.5439978)",289.5734558105469
18,"(43.66209145, -72.54394955000001)",286.3437194824219
19,"(43.6622001, -72.5439013)",283.752197265625
20,"(43.662275775, -72.543866425)",281.9492492675781
21,"(43.66235145, -72.54383155)",279.84423828125
22,"(43.662427125, -72.543796675)",277.6002197265625
23,"(43.6625028, -72.5437618)",275.3820495605469
24,"(43.662580425, -72.543748375)",273.5647277832031
25,"(43.662658050000005, -72.54373495)",271.82672119140625
26,"(43.66273567500001, -72.543721525)",270.0799255371094
27,"(43.6628133, -72.5437081)",268.28521728515625
28,"(43.6629452, -72.5436813)",264.9907531738281
29,"(43.6630771, -72.5436545)",261.8181457519531
30,"(43.663209050000006, -72.54364375)",259.05523681640625
31,"(43.663341, -72.543633)",256.24371337890625
32,"(43.6634225, -72.54361155000001)",254.1590118408203
33,"(43.663504, -72.5435901)",251.95193481445312
34,"(43.663573850000006, -72.5435633)",249.9090118408203
35,"(43.6636437, -72.5435365)",247.81787109375
36,"(43.66374075, -72.54351505)",244.96446228027344
37,"(43.6638378, -72.5434936)",242.00901794433594
38,"(43.663938650000006, -72.5434721)",239.05126953125
39,"(43.6640395, -72.5434506)",235.4653778076172
40,"(43.664124900000004, -72.5434506)",232.6847686767578
41,"(43.6642103, -72.5434506)",231.184326171875
42,"(43.66428405, -72.5434506)",230.51547241210938
43,"(43.6643578, -72.5434506)",229.87298583984375
44,"(43.6644587, -72.5435043)",229.2207794189453
0,"(43.6622001, -72.5439013)",283.752197265625
1,"(43.66233205, -72.54393885)",282.07061767578125
2,"(43.662464, -72.5439764)",279.9787292480469
3,"(43.66254935, -72.5439764)",277.923095703125
4,"(43.6626347, -72.5439764)",275.7682189941406
5,"(43.662747249999995, -72.54396565)",273.0368957519531
6,"(43.6628598, -72.5439549)",270.49993896484375
7,"(43.6629607, -72.54394955000001)",268.259521484375
8,"(43.6630616, -72.5439442)",266.0226135253906
9,"(43.6631819, -72.54393345)",263.32806396484375
10,"(43.6633022, -72.5439227)",260.715576171875
11,"(43.6634031, -72.5438905)",258.18780517578125
12,"(43.663504, -72.5438583)",255.57252502441406
13,"(43.663589400000006, -72.54384759999999)",253.48960876464844
14,"(43.6636748, -72.5438369)",251.33468627929688
15,"(43.66377955, -72.54381004999999)",248.30935668945312
16,"(43.6638843, -72.5437832)",244.94956970214844
17,"(43.6639658, -72.54377785)",242.67694091796875
18,"(43.6640473, -72.5437725)",240.5628204345703
19,"(43.664132699999996, -72.54376715000001)",238.14349365234375
20,"(43.6642181, -72.5437618)",234.79615783691406
21,"(43.6642918, -72.54376715000001)",232.4051055908203
22,"(43.6643655, -72.5437725)",231.2034149169922
23,"(43.6644975, -72.543794)",230.151611328125
0,"(43.6602985, -72.54403)",314.1329650878906
1,"(43.66038775, -72.5439978)",312.008544921875
2,"(43.660477, -72.5439656)",310.2599182128906
3,"(43.6605779, -72.5439656)",309.1510925292969
4,"(43.6606788, -72.5439656)",308.22296142578125
5,"(43.66075255, -72.54391195)",306.6412658691406
6,"(43.6608263, -72.5438583)",304.85565185546875
7,"(43.660884525, -72.54380735000001)",303.1615295410156
8,"(43.66094275, -72.5437564)",301.3150939941406
9,"(43.66100097499999, -72.54370545)",299.4006042480469
10,"(43.6610592, -72.5436545)",297.3932189941406
11,"(43.66112905, -72.54365985000001)",295.8795166015625
12,"(43.6611989, -72.5436652)",294.4534606933594
13,"(43.6612804, -72.54370815)",293.56201171875
14,"(43.6613619, -72.5437511)",292.81793212890625
15,"(43.66144725, -72.54375644999999)",291.56646728515625
16,"(43.6615326, -72.5437618)",290.333740234375
17,"(43.6616141, -72.54373495)",288.5309753417969
18,"(43.6616956, -72.5437081)",286.9706115722656
19,"(43.66178875, -72.54365985000001)",285.14044189453125
20,"(43.6618819, -72.5436116)",283.5531311035156
21,"(43.6619828, -72.5435311)",281.2986755371094
22,"(43.6620837, -72.5434506)",278.4222717285156
23,"(43.6621846, -72.543397)",275.4755554199219
24,"(43.6622855, -72.5433434)",272.6161193847656
25,"(43.6623709, -72.5433434)",271.0406494140625
26,"(43.66244075, -72.5433434)",269.8536376953125
27,"(43.6625106, -72.5433434)",268.70794677734375
28,"(43.662627, -72.5433863)",267.520263671875
29,"(43.66273175, -72.543397)",265.5500793457031
30,"(43.6628365, -72.5434077)",263.4548645019531
31,"(43.6629607, -72.5433755)",260.4548034667969
32,"(43.6630267, -72.54333795)",258.6474304199219
33,"(43.6630927, -72.5433004)",256.8551330566406
34,"(43.663170300000004, -72.54326825000001)",254.83665466308594
35,"(43.6632479, -72.5432361)",252.73023986816406
36,"(43.66333325, -72.54320925)",250.49496459960938
37,"(43.6634186, -72.5431824)",248.184326171875
38,"(43.663484575, -72.543155575)",246.22718811035156
39,"(43.66355055, -72.54312875)",244.12335205078125
40,"(43.663616524999995, -72.543101925)",241.8194580078125
41,"(43.6636825, -72.5430751)",239.41995239257812
42,"(43.663748475000006, -72.54304827499999)",236.98573303222656
43,"(43.663814450000004, -72.54302145)",234.5448760986328
44,"(43.663880425, -72.542994625)",232.5503692626953
45,"(43.6639464, -72.5429678)",231.181640625
46,"(43.6640784, -72.5429571)",229.96304321289062
0,"(43.6606788, -72.5439656)",308.22296142578125
1,"(43.66072925, -72.54388515)",306.65447998046875
2,"(43.6607797, -72.5438047)",304.9985046386719
3,"(43.660845699999996, -72.54372425)",302.7794189453125
4,"(43.6609117, -72.5436438)",300.33660888671875
5,"(43.6609738, -72.54359282499999)",298.3022766113281
6,"(43.6610359, -72.54354185)",296.1335754394531
7,"(43.661097999999996, -72.543490875)",293.9334411621094
8,"(43.6611601, -72.5434399)",291.8422546386719
9,"(43.66122215, -72.5433326)",289.1944274902344
10,"(43.6612842, -72.5432253)",286.7327575683594
11,"(43.661301675, -72.54312875)",285.4709167480469
12,"(43.66131915, -72.5430322)",284.22930908203125
13,"(43.661336625, -72.54293565)",282.9889831542969
14,"(43.6613541, -72.5428391)",281.7756042480469
15,"(43.6613968, -72.542764)",280.3299865722656
16,"(43.6614395, -72.5426889)",278.708740234375
17,"(43.6615326, -72.54262990000001)",276.265625
18,"(43.6616257, -72.5425709)",273.8347473144531
19,"(43.661715150000006, -72.54247459999999)",271.1134948730469
20,"(43.6618046, -72.5423783)",268.2316589355469
0,"(43.6633119, -72.5424716)",239.5501708984375
1,"(43.6633934, -72.542477)",237.483642578125
2,"(43.6634672, -72.542477)",235.59483337402344
3,"(43.663537, -72.542477)",233.8751220703125
4,"(43.6636379, -72.5424716)",231.7933349609375
5,"(43.6637116, -72.5424395)",230.59584045410156
6,"(43.6638281, -72.5424126)",229.19410705566406
7,"(43.66389405, -72.54239115)",228.37376403808594
8,"(43.66396, -72.5423697)",227.59869384765625
9,"(43.6640298, -72.5423429)",226.81655883789062
10,"(43.6640958, -72.5423107)",226.1476593017578
11,"(43.6641889, -72.5422785)",225.4543914794922
12,"(43.6642472, -72.5422463)",225.20997619628906
13,"(43.6642782, -72.5422249)",225.13153076171875
